0.0	8.530048492286685	9.33324891222553	15.462192541686749	16.457807911828294	21.246570632028423	25.78346525338534	29.54016996146759	37.624040887571645	43.49283233861975	36.11498744257987	40.28352288756555	44.971797990579475	40.92031297543612	36.48459364389907	33.697247150058274	28.966494217194033	26.160441878323184	20.110880957284426	14.816791463916138	9.87035133179357	9.04573693362647	14.305021397370007	20.643685345216447	24.926506392521397	18.792195080168963	16.05833129423866	21.93554619425433	27.246420299910003	32.970741909343296	39.257621921081146	46.53665985122988	44.98234698925583	47.355895567453636	49.52292468788087	52.73739296320279	47.14809891919953	51.37676083378468	53.90632846891819	58.82264462526745	64.28031312289532	70.31771645616956	73.18919253304301	79.31362466175942	82.9174524495995	86.40606340447133	92.92834443320743	93.23530310390134	105.23316707450998	108.3271352461755	120.03884737257474	131.92918645239644	131.8517002944871	120.34905967806283	110.58561929554466	100.43779559026126	93.13955897168125	101.82681145122817	110.46301665887381	119.02195075758989	128.8046337195558	127.33980816421133	123.64740147018772	121.96753818537793	122.58441281261825	127.4902300835939	131.9731663851081	134.43708571720393	139.79753105231592	145.24700174615964	151.5261131773634	150.17365098572182	143.87973585173074	139.82708465094612	137.98259474511624	133.93281394150037	129.00778154464632	135.1389180044306	134.088305214782	137.08277681916397	143.48303582378298	143.25694190990706	140.65791461336815	145.51063609817768	150.98732723033382	151.42489574997188	151.0923391334481	160.5382628098679	172.60885118544843	165.77951290605608	174.6578843751198	184.9706583237815	181.48532410741538	185.147617080562	186.08872675082918	179.421002291374	173.860507158721	173.15422897764947	166.64376906915984	162.74188352748916	155.57843840228645	154.47112179189858
8.530048492286685	0.0	8.841799653794864	8.70713782659961	7.978365441341291	13.471511688132782	18.699647692237995	21.487569139384988	29.358184056739884	35.59421407491904	28.606047555288296	33.32550673665083	38.46044327442719	35.05619863220947	31.251087613584197	27.500907946470182	22.517116050190758	21.239279257110145	14.413298154649853	9.091670769239165	6.800276444550971	10.608726092158502	16.834408818758067	22.73447540726137	24.987766620595153	18.484131969529514	13.743843111674519	19.170399136003436	24.07993496306562	29.26251763534837	35.122349713275064	42.70897360004771	40.279091260923565	41.937768525833256	43.370870820672955	45.93471588972845	39.92962780895874	43.609759679239914	46.5593780284658	51.44975786382653	57.146127170246366	63.16683953853761	66.56593977619742	72.22568907700628	76.34194662964349	80.35313192533107	87.422265334151	88.31864441530286	100.35723063559674	102.7982015024557	114.75543881374468	126.36839768683541	125.73627933462643	114.29659253762057	104.3184090640834	94.36656176551124	86.62260768069056	95.02303299709212	103.75702123121158	112.20462040874672	122.18213094622259	120.31156509782816	116.41063203292029	114.52062047278739	114.97770784942735	119.81000539229554	124.2031934376912	126.53361455065904	131.92877799615695	137.41813695411133	143.7335350783144	142.51548498464976	136.19544323789145	132.2577305651663	130.2516854628314	126.33672428742601	121.54445806273998	127.74928895075656	126.90032960469999	130.19727164842112	136.43693928380182	135.9957577438385	133.2423339648914	138.04103539821512	143.48920007929743	144.10238408555645	144.0187441442025	153.50880481993926	165.5642376542897	159.0391994075297	168.1219564346429	178.46529055413117	175.3011413247349	179.20631554443267	180.41930840935467	173.69918981212845	168.05002791916814	167.0721739157379	160.47370652625827	156.32324042688813	149.38651959488197	147.8291735335541
9.33324891222553	8.841799653794864	0.0	9.113879254952467	14.857806327701333	21.378457577632027	26.999880566294753	28.655882494752028	35.81132513616757	42.72050002708555	36.35347111859509	41.47676307869901	46.8323077098835	43.70178433366189	40.043434006041544	36.09074641810413	31.066509953593478	30.079573619488993	23.232232635961395	17.933210789365983	14.899984831199417	16.8755805918429	22.896359458896818	29.217626774813784	32.608118039574826	26.143379878076622	22.03611711365655	27.71940561245898	32.770210580883756	38.05954391084064	43.96001018176342	51.53801756399831	49.10736604405963	50.66780740293434	51.87760785010943	54.0907430415171	47.81456589835968	50.84273766333747	54.27018149835666	59.10067124691052	64.99112769720024	70.97042330105673	74.74963594086748	80.05184362704964	84.52950341056969	88.80145405576597	96.05595953230743	97.08351244975793	109.12276747802342	111.4120511431355	123.4299061336987	134.9574435068167	134.10686021204702	122.70545614224984	112.63361517099307	102.78738945262933	94.82466945006625	103.02122887038246	111.81084458050978	120.16729275593433	130.27030158227308	128.09445025055118	124.00451606386548	121.88940917748182	122.14504470498545	126.86729976559039	131.11881320341345	133.2207512734205	138.66966306997648	144.21978529745903	150.58709993837454	149.57390329246346	143.2238570489776	139.4495357193807	137.21876929476366	133.50100471720162	128.8832574185265	135.16535580883007	134.52872602799735	138.08718230872333	144.18648217919377	143.5406789874328	140.62203714117078	145.3513842577858	150.7587078822258	151.57432265883358	151.73660876547058	161.25804357121055	173.2912436890669	167.0158131095736	176.2326276351037	186.59014124564592	183.61004789830227	187.62869856006435	188.94970234567285	182.21239311117122	176.53099115987231	175.43505947919024	168.79651053705788	164.51258315748035	157.7041215622872	155.88255248199738
15.462192541686749	8.70713782659961	9.113879254952467	0.0	8.547079022994904	15.173849024969956	21.04029717863851	21.019401394445243	27.421049631601147	34.70581728409548	29.10816741004624	34.71512362709209	40.40529887898451	38.09809862968372	35.264699829355315	30.48100458010931	25.515050677245632	26.26885853079786	19.451835276405347	15.261530102588775	15.091230133873715	19.310698311452327	25.513224943159695	31.28935463794201	32.96829355388306	26.570045948925355	21.373443709922014	26.08686370629007	30.40255691350793	34.88762042646423	40.11934026232352	47.757962851523686	44.52783872234312	45.30959164874612	45.70657749498851	47.14981144685243	40.537842785829255	42.82617891721336	46.700816287850415	51.422345507696306	57.50168326503123	63.394892390273746	67.70049229271007	72.46251309447759	77.442366519972	82.22010580963016	89.97852695353149	91.59324262282496	103.59979537835319	105.22215672892881	117.43194798596629	128.64047801795456	127.24071575939963	115.9413780123005	105.69548717272478	96.09606906556529	87.72617262177484	95.58502425538093	104.4343764478884	112.64768347680807	122.91216480799899	120.34054016553861	116.05582940576883	113.7389770325021	113.83697943942104	118.47698565233905	122.63376282115586	124.60554835502057	130.07864526358688	135.65796995512005	142.05035500462944	141.16442950385496	134.79950640198805	131.14125893335063	128.76013582300877	125.17837929127923	120.69942144804958	127.03926093736655	126.6009268757096	130.44764957010779	136.37549674657308	135.52183462194077	132.4595689609408	137.1281264613	142.499065894262	143.48130707387855	143.8835666701132	153.43052833903465	165.43025864458846	159.45822568032696	168.85804384264028	179.22940028782853	176.56602185644317	180.8156149335129	182.40102097659695	175.62345904803777	169.86499302362188	168.50458416572715	161.79199721461876	157.27289409188114	150.70073031184143	148.44164186605113
16.457807911828294	7.978365441341291	14.857806327701333	8.547079022994904	0.0	6.762894404297935	12.615359367366576	13.86740683414802	21.467130253720946	27.995311797378122	21.501008752421484	26.751076130821072	32.27105461141331	29.66351351780966	26.71932256146773	22.022218564704968	17.02230946755684	17.862103648068558	11.219948529030804	8.152220585701102	10.639317436504319	15.81531771297502	21.246694677637848	26.080110608084	26.397841238230782	20.414950128845884	14.89354597786597	18.60104105143991	22.406343335299056	26.548666805727976	31.619820286699603	39.24882790524381	35.981548070191295	36.84007304821895	37.47183012793762	39.3305072389067	32.97033254433478	36.0887146886845	39.413141399617	44.24903159182764	50.13528063392289	56.11265304122511	59.97728138333788	65.19415778783384	69.75196895590426	74.22156460616226	81.76041765363242	83.1975468635263	95.21783345804788	97.05605306442307	109.19808273892188	120.53666148350636	119.42218960080504	108.05906712736764	97.91578287836569	88.16477609439251	80.04855612284707	88.17701475030906	96.97667120802437	105.31605850932954	115.4420209418916	113.23893365866262	109.17500375788401	107.1228243381645	107.45922475873739	112.2349399351794	116.56247960809554	118.80197054979507	124.21817798039383	129.73228186971775	136.07006368958963	134.94545407572107	128.6095366720345	124.75634140677232	122.63554998284809	118.81901864850707	114.12868640183733	120.38511950809404	119.69343588094519	123.22986530082497	129.3343020237429	128.7245051454086	125.85478856788886	130.61015380377603	136.03437971079717	136.7788272517477	136.88833277200715	146.40653271286908	158.44269589977932	152.16385362724617	161.40586650245268	171.7666985966939	168.86974423967135	172.97507637104843	174.41730399707112	167.6591468325325	161.940285932486	160.73359122535345	154.06763046795666	149.71370822973762	142.973958086092	141.0433849098423
21.246570632028423	13.471511688132782	21.378457577632027	15.173849024969956	6.762894404297935	0.0	5.870407150477873	8.377055004367534	16.68056713985852	22.251900673542707	15.14036840471127	20.09918806474332	25.536695818744583	22.931835689366736	20.22678991040513	15.30734180268234	10.354394984221319	12.309884645350591	6.9981841023573	7.9164820063670565	12.824855483669086	17.713175685657017	21.73077452272146	25.187669950381665	23.837374589917655	18.846280964077184	13.61169364593429	15.17506954327674	17.73218543669085	20.962799380555275	25.487349292082264	33.0422644611921	29.483891133875495	30.13583651415423	30.71302075947004	32.71244361910433	26.518141615465648	30.192410208252344	33.10172746248802	37.98523843256184	43.73142546143612	49.74074514128419	53.37149801555071	58.81050570805271	63.1516063432001	67.50465217861398	74.99958044934833	76.45312256727935	88.46950253967464	90.30009579937908	102.43580905874079	113.78927713147597	112.7523933427787	101.37007956443607	91.26501225365128	81.4644723214134	73.44647084204254	81.6931265993058	90.46303289258158	98.85778258186001	108.91369479180823	106.89188596556167	102.94977200805526	101.05025717694637	101.52799971257669	106.38019794803171	110.80755182319858	113.2124968802275	118.58559437570304	124.05242939373873	130.34985921851393	129.08091384305501	122.76832807791708	118.80190369119092	116.84045847692705	112.88567714204682	108.0752296364303	114.27777732837747	113.44535810490332	116.81804312103101	123.00923726651426	122.53057975811716	119.77119515035169	124.57278353719981	130.0237684216416	130.63232873277747	130.58341540530787	140.08242240131509	152.13271759927258	145.70428206904145	154.87249964332827	165.22683587924203	162.23641495950065	166.29166309458364	167.69316198169324	160.9402512656322	155.2324482319345	154.07439935217073	147.42583836470996	143.13715793209767	136.3328860494629	134.53893940901386
25.78346525338534	18.699647692237995	26.999880566294753	21.04029717863851	12.615359367366576	5.870407150477873	0.0	6.815530169782561	14.532386533139054	18.34307114324159	10.472653439059423	14.634863510453275	19.8333752024885	17.061452990187213	14.55507585240997	9.44319183639375	4.56334121366694	8.38882078162583	6.9464832118795155	11.145202670236781	16.41215447211006	20.56392891624291	23.186421403887785	25.245228665480738	22.41188348126394	18.77248683200606	14.51386119512767	13.655788514633528	14.440766499314469	16.362127919434116	20.157220085506474	27.578626730728544	23.76550179069881	24.270955051180753	24.918938578417542	27.235677466119558	21.376628330352716	25.85411688260481	28.12286366131493	33.03926133152961	38.55407936060909	44.58819103200617	47.86855915925367	53.618980561380184	57.646078055109264	61.80222117642372	69.18508197095426	70.5855292036026	82.60382071598958	84.50380124307526	96.61081781118166	108.01509050938752	107.11928238260971	95.70837453049593	85.66669089709868	75.78822380133937	67.9301254421859	76.33678640777747	85.06057609224419	93.52352371397886	103.48269426657248	101.6931732481226	97.90173415353539	96.18408795491726	96.82397054808725	101.75698830739974	106.29045156634045	108.87370636289717	114.19386691273712	119.60383906446384	125.85180990659619	124.42565337743298	118.14397306319759	114.05449625533521	112.27257240652615	108.1672817057687	103.22437592721462	109.35948052108118	108.3623977957433	111.53371554637972	117.82855274764674	117.5059572645104	114.8762149286056	119.72720794820914	125.20480957905733	125.65814818307707	125.42346359608058	134.8957113819026	146.95869944832674	140.3504258723595	149.42268863179692	159.7668475767686	156.65043793356222	160.6310180815979	161.96419854881054	155.22113497161854	149.5329258103248	148.45169941091777	141.82945165366394	137.6323917739108	130.7390768114913	129.13101738897282
29.54016996146759	21.487569139384988	28.655882494752028	21.019401394445243	13.86740683414802	8.377055004367534	6.815530169782561	0.0	8.368566714009907	14.137404484287845	8.201863701646134	14.153830469874633	20.069427933727848	19.223012884569965	18.530997373955714	12.663517876003116	9.51544410107168	14.962171979101361	13.223977301885256	16.062474844016762	21.14765565391001	25.88965322431661	29.323650469793968	31.87848945458448	29.22684673997873	25.394125080207374	20.76890720799259	20.45808416344505	21.048064212877417	22.140157356913438	24.76710407187865	31.659336854633906	27.095027191397858	26.37653421924192	25.53822017955503	26.247880008627142	19.531327496549917	22.221330299815577	25.717869027516528	30.49427896105467	36.50454646219117	42.42905431812801	46.70719110677084	51.50755148590104	56.43539771480489	61.38623665541755	69.4572238847616	71.60374398030604	83.51340073201963	84.57499691226559	96.89450649781205	107.87889485029147	106.25815385678305	94.99164932190317	84.70417785211094	75.1884535388683	66.71416623523331	74.5907942184036	83.43004233135225	91.68084585521979	101.90746617030933	99.48584951761596	95.35021794396502	93.25885405119023	93.59617229101153	98.38463041674635	102.73945449023202	105.04608249195721	110.44311397643672	115.93788980955381	122.26084371370708	121.09457862955756	114.76342664636782	110.89161054542663	108.80090601518438	104.95622301466057	100.26275823598789	106.52510823570113	105.87704924441445	109.53236031402396	115.56075004828712	114.88505081230363	111.99124802038988	116.7431051095619	122.1670100029508	122.92542599899654	123.10008875742876	132.62919475961246	144.65447922990873	138.51226548701433	147.86082682265143	158.23026338300312	155.55001639763253	159.8338360332925	161.49922448320518	154.7088276485687	148.92571480618065	147.50201863645623	140.78032006988127	136.25679909668415	129.6900892654447	127.45748774255392
37.624040887571645	29.358184056739884	35.81132513616757	27.421049631601147	21.467130253720946	16.68056713985852	14.532386533139054	8.368566714009907	0.0	7.8373134319113635	8.059558207749676	13.169944241768585	18.61380990972989	20.228608416524136	21.73049350427829	16.24386174770724	15.476378941532381	21.684076160059217	21.350028323497753	24.43061281386863	29.493126138773505	34.25815898626017	37.5687697992516	39.75765918091112	36.51602314936338	33.29546778576459	28.945528245203025	27.967620212076465	27.56064777730267	27.21406065462711	28.095206134429468	33.85649988747691	28.61820704013547	26.44157768151873	23.85762371106805	22.530737334521326	15.516799815316315	15.662069242321627	20.339178936665693	24.6800754921395	30.993463210135666	36.63671480556803	41.87335878828204	45.59435187163742	51.36893594739349	57.10262047717016	65.83846810584427	68.82568530175345	80.48954829481455	80.58871833530031	93.06211659704256	103.53189840089419	101.16310368750591	90.09647626849699	79.61692584823356	70.55170034659577	61.51453757672194	68.79441882798415	77.68757495088741	85.69511964450628	96.13032671826922	93.13835169340227	88.71852777101935	86.32501199594238	86.42461577464768	91.09342652516243	95.31140134538873	97.42748234811053	102.86697444037587	108.41051761728765	114.77580378965602	113.7925504408666	107.43550053964942	103.73026886246339	101.41792876683324	97.77051200499882	93.2802426172005	99.62837133150266	99.26949507892539	103.33631542572682	109.11400349035186	108.14242095755615	105.04205461860329	109.70713767735448	115.080472194136	116.075997466883	116.58868402386521	126.14758963478522	138.1210999157405	132.39415821778303	141.97660092231374	152.3522240112543	150.08681372047806	154.65925737607378	156.65567632036203	149.82991604117524	143.9622822973755	142.20042837550443	135.39568136310967	130.56896508868448	124.33195925941388	121.5119681666962
43.49283233861975	35.59421407491904	42.72050002708555	34.70581728409548	27.995311797378122	22.251900673542707	18.34307114324159	14.137404484287845	7.8373134319113635	0.0	8.138261754577975	9.122262718801275	12.880117537867633	16.37852189386174	19.682803671569282	15.582077139836516	17.244706971513047	23.324324607700262	25.20037214824769	29.337079709200435	34.59309689961817	38.904633266241284	41.236758716904674	42.32806495696582	38.064282481215905	36.09329478894209	32.59180923053236	30.243481496425375	28.438556343682144	26.455346012300133	25.507773580918403	29.88174097919732	24.36999204288706	21.15974967411688	17.4745827840516	15.059682670946565	8.245289751122426	8.131969699455489	12.501867401856037	16.90437830922852	23.18381628958279	28.891792004236034	34.03676843491957	37.898123469166016	43.53840783178009	49.289574264610245	58.11189038243405	61.30108949466412	72.87459543045738	72.79242284275111	85.27890364294728	95.70026877053867	93.34875081859897	82.26569225983938	71.79723457973826	62.71482711693672	53.69894448815637	61.08977122914125	69.97451670573497	78.0558238515384	88.43428079304141	85.64211182299032	81.36598780715397	79.16948267869114	79.46407344310103	84.24723336160633	88.61105873945894	90.96477111379502	96.34585111586357	101.8261947436892	108.13932999499835	106.95717651676483	100.62637153039341	96.76212142141931	94.66705135077484	90.82378470842346	86.16302215971457	92.4490769634296	91.90683271511723	95.77971482510537	101.6698568627909	100.8622102208529	97.9019358180432	102.63435164863373	108.04930933635748	108.86702155651287	109.17899532443727	118.72487736400235	130.72718795736358	124.81545571345188	134.32212975960118	144.69762493335242	142.33240726050622	146.86066956739995	148.82746634221417	142.00347392561596	136.14144963599273	134.41778893874206	127.62526319808067	122.85954118634064	116.55542127762573	113.87199346011825
36.11498744257987	28.606047555288296	36.35347111859509	29.10816741004624	21.501008752421484	15.14036840471127	10.472653439059423	8.201863701646134	8.059558207749676	8.138261754577975	0.0	6.123329367492803	12.064660439631297	12.422776352843664	13.688593376921252	8.402159997674982	9.131238607947166	15.299163096337066	17.181489826295227	21.608325840875114	26.878615207274795	30.980256839212796	33.116297770012466	34.23120554176478	30.158632636664045	27.965725389246636	24.488138537129835	22.152689749303544	20.68894481234557	19.51967579196172	20.039044752213652	25.8983290476216	20.773709624140714	19.107389434647576	17.549970346536664	18.06341300452679	11.477842564471539	15.38181336541439	17.963848280998516	22.844979717082058	28.63932616497808	34.62993380815082	38.59697252289602	43.70798449540646	48.349385015234624	53.19268958687444	61.26833816927074	63.521572031713276	75.39823468877499	76.37409629818922	88.70003178811638	99.67971693704038	98.13255972471624	86.8400927320366	76.58880496435647	67.01546751393155	58.639956388562695	66.6778414659307	75.48478278038823	83.8151799799198	93.95462969675972	91.7759622619679	87.80943357433674	85.93618406459751	86.47828354974747	91.37524662348069	95.87153311428807	98.4151983712439	103.74481172122537	109.16765277668912	115.42932496476884	114.060347172137	107.76477435726382	103.73389728258591	101.87108577458102	97.83050074883089	92.96651568144615	99.15175971807727	98.30624036220591	101.73785420549544	107.8859712177405	107.39078443688165	104.6510370305542	109.4672677012904	114.92780761443264	115.49731539387118	115.45447925806137	124.95944084157298	137.00576852614893	130.66322154564833	139.9181072920119	150.28163694245234	147.48302753411656	151.7074803036197	153.3274132631479	146.54161267224737	140.7695193751199	139.40176408667608	132.69936998562792	128.2556824709464	121.60680313735851	119.54638949889187
40.28352288756555	33.32550673665083	41.47676307869901	34.71512362709209	26.751076130821072	20.09918806474332	14.634863510453275	14.153830469874633	13.169944241768585	9.122262718801275	6.123329367492803	0.0	5.946412486960073	7.384256580116115	10.696624319918982	7.800781717266626	11.490398997470212	16.483662087906286	20.435274664003362	25.485653785909104	30.64983791490555	34.168615853644575	35.30857046540335	35.34183890477722	30.39649979500957	29.50301917857297	27.013192417844472	23.45574303341598	20.629556914359753	17.770144761526584	16.386009107480856	21.071665462811524	15.659930473494573	13.283628039778236	11.432810048978833	12.62169661161914	7.092916242635309	13.318599322404314	13.919644089945926	18.794102547528254	24.002093994357224	30.03891313069286	33.27845463464895	39.03195545523573	43.05918803722058	47.51422697435451	55.36131716307466	57.45653423431848	69.35975177978762	70.54137415787935	82.81226362446877	93.92830614956712	92.67144324476342	81.31133122127301	71.17133550120307	61.426825989750625	53.35209279987036	61.702113898643866	70.43186991377151	78.88869350441026	88.86262978990813	87.08380213222371	83.36917980672345	81.7941502127164	82.5945199450762	87.61022665124608	92.2619793561927	95.06909250569801	100.30989944076487	105.63974928719132	111.81986377170864	110.21783104558429	103.97557629803143	99.76097392244769	98.17495624962585	93.90882230336939	88.84196032503301	94.91504036781072	93.80484154925063	96.9023252625883	103.22329817161132	102.98062994986701	100.44755299892871	105.33771162603409	110.83564104798936	111.1639702360895	110.82516843765478	120.28645077798552	132.35280445156263	125.71646844589087	134.81112146358154	145.15985656536688	142.13827274798024	146.22467883935906	147.7089057229016	140.9405536127443	135.20560891857784	133.98595574949164	127.32956449696042	123.04928386866086	116.23631630614952	114.50531673381806
44.971797990579475	38.46044327442719	46.8323077098835	40.40529887898451	32.27105461141331	25.536695818744583	19.8333752024885	20.069427933727848	18.61380990972989	12.880117537867633	12.064660439631297	5.946412486960073	0.0	5.760086842789016	11.067958061705804	11.325443256619039	16.03659882088049	19.760413363094766	24.876033545053463	30.178141329906484	35.17098399704288	38.2057995351929	38.54585030438881	37.67196632967695	32.099655578067676	32.355335852407066	30.71752918427949	26.357759173006635	22.561139022455517	18.341211476366162	14.871189412548484	17.487804622405154	11.963802654501217	8.287099998162635	5.486433723304781	8.023692467193285	6.233214458283326	13.512263137233244	11.504577591426441	15.835052697936028	19.984347556672567	25.913687096370023	28.219187410144105	34.666172248002944	37.962526237909394	41.975396244495066	49.57922200875515	51.53531747147265	63.456876899526904	64.81993915863798	77.03468334773096	88.27118087806592	87.29122397550582	75.87514620018692	65.85804992960203	55.95510894723902	48.213949806557494	56.866476687197185	65.49164837115622	74.05902164358032	83.8497670497078	82.47461152854322	79.0229214804374	77.75520855699216	78.81567835821878	83.93620963064224	88.73128155872092	91.79498432298615	96.93311046652087	102.15792514963636	108.24455961512781	106.41420083598429	100.23694700698925	95.8477024028813	94.54214228333987	90.06009982461613	84.80147116638862	90.74777902490321	89.37441389227868	92.1332990507308	98.61688830032436	98.62530135114878	96.30258643549647	101.25751738374717	106.78332828446078	106.8723495613083	106.24177260142108	115.64965095874031	127.7244445232865	120.80852867065805	129.7430839572633	140.0723338818998	136.84135913582904	140.79765245062148	142.15699071326637	135.406184797026	129.70697082564348	128.6255659128264	122.01537958270715	117.89303733405414	110.92723491332832	109.51487865892318
40.92031297543612	35.05619863220947	43.70178433366189	38.09809862968372	29.66351351780966	22.931835689366736	17.061452990187213	19.223012884569965	20.228608416524136	16.37852189386174	12.422776352843664	7.384256580116115	5.760086842789016	0.0	5.408808406092295	7.650699406043785	12.683441430637592	14.996618237061659	20.89704540501566	26.33383748344508	31.050547290346305	33.606140972466775	33.41293083988004	32.158187505169714	26.44605362494629	27.08260096241859	25.963358398620798	21.186566104213078	17.044809467490417	12.593162643160548	9.454891170213182	13.709953348903051	8.389614786354905	7.267436133506111	8.711789861114847	13.418124664946529	11.568537743492966	18.845832073828788	17.264261678167095	21.542213880124898	25.332162954339164	31.134437521420008	32.641824728709665	39.65939624302453	42.235527222647164	45.49167456027595	52.367935315615235	53.53830727903437	65.56400947029454	67.74203150793458	79.72814949402341	91.31558616587527	90.9376177684324	79.44450146273262	69.67271821551077	59.524658354376456	52.36328259227886	61.33632248300137	69.81772491828546	78.48547913989263	88.04539812569101	87.10183401594625	83.87551469813192	82.82207974578249	84.0305844009788	89.19866292811327	94.0569934059955	97.22536426378886	102.31886207835939	107.4948826710369	113.5343293601924	111.5882207395262	105.45083031220882	100.96855232057733	99.81450616061807	95.22377392096479	89.85749897536742	95.713096848021	94.14497530900377	96.59019854763842	103.22324125771352	103.44407483422484	101.27679698739207	106.26986442336312	111.80881092279839	111.7313454426725	110.86048177485364	120.20960377305727	132.28231813098603	125.08058535829362	133.8100344920254	144.10528744108524	140.56732164183694	144.29164234304164	145.39213174679588	138.68596150656558	133.0682644040214	132.2513103242826	125.72629972645431	121.85052287268438	114.6589093802355	113.70033249535723
36.48459364389907	31.251087613584197	40.043434006041544	35.264699829355315	26.71932256146773	20.22678991040513	14.55507585240997	18.530997373955714	21.73049350427829	19.682803671569282	13.688593376921252	10.696624319918982	11.067958061705804	5.408808406092295	0.0	5.8880812954036434	10.003647693310192	10.324199873412176	16.848627869581893	22.2683309245147	26.64796221830857	28.7694278688489	28.18771792923961	26.75723371314111	21.048209064346487	21.79007130954142	21.063259847839472	15.990667213994202	11.65428853608849	7.355035317764248	6.402222701090456	13.18570954805285	9.265395709039918	10.872225545192897	13.860171336077107	18.82690214061926	16.430441551637	23.523946524246195	22.513392899122376	26.900452546750536	30.73106900126914	36.5066461327875	37.739472257787824	44.95821803238692	47.22810944500318	50.06625371025841	56.454945993607225	57.07593446877706	69.11290045570117	71.85468515738025	83.64977228300977	95.45646113349038	95.4756495646275	83.95118957068242	74.34732795436902	64.07673184282926	57.26393731517943	66.38386153500947	74.78016436165946	83.49130811544008	92.916369291332	92.20355324030984	89.0848369535951	88.11965188153486	89.37878027797382	94.56024726700763	99.43500514885349	102.62472277813167	107.70991367430044	112.87464400371348	118.9012050634879	116.91882264516153	110.7955112279071	106.28186435226404	105.17766666055066	100.55323925603086	95.14898097700441	100.96656656520454	99.31232336740943	101.59844338775989	108.3060147007781	108.63042365775753	106.53246544783802	111.54012612742962	117.0833050694165	116.93375350834444	115.94636509664694	125.26144218315211	137.32909354199973	129.97121596864653	138.57520234152864	148.84514858475308	145.11499832084522	148.68432271579303	149.60756672755332	142.93669467537586	137.37866219558876	136.7386097792461	130.27314512764687	126.55514085411585	119.22708037764065	118.54654525109228
33.697247150058274	27.500907946470182	36.09074641810413	30.48100458010931	22.022218564704968	15.30734180268234	9.44319183639375	12.663517876003116	16.24386174770724	15.582077139836516	8.402159997674982	7.800781717266626	11.325443256619039	7.650699406043785	5.8880812954036434	0.0	5.036247696413616	8.738297222416175	13.586407244326928	18.951376140731174	23.868672370715053	26.912186717667762	27.62568073504912	27.544536322169392	22.720949481470473	21.721959913342214	19.51484850415311	15.669236836610414	12.97941390156828	11.125417750970904	12.23177815574073	18.999471484386582	14.618339424065033	14.828606272545164	15.89919497185155	19.260993073928176	14.790732244293	21.05552606967727	21.536537983561086	26.327915531904708	31.11724418865236	37.110179345809044	39.50706284665306	45.9489078093755	49.22251334273165	52.88641484846591	59.96524575770487	61.18745109158163	73.21422244192524	75.32404775041898	87.34987108194058	98.88027959061041	98.30800121355917	86.84302382465724	76.95594263156629	66.91216713943275	59.44298559236761	68.17923193617668	76.77994772319005	85.36857938865586	95.10805468860565	93.79999218699723	90.32148884277827	88.97106402509425	89.92714127114141	94.99957771921007	99.72125031972388	102.63347481914184	107.83689991190082	113.12465825895899	119.26421939321	117.54503252414477	111.33662460637065	107.02214354821493	105.58824050398907	101.20635358104379	96.02004597345379	102.0071860970308	100.6876521111032	103.44914867713098	109.94232930474958	109.92835237667278	107.55680811537864	112.49305216284331	118.0108207576392	118.16440027847828	117.5670579020766	126.97453985736362	139.0494127746863	132.09288981178466	140.9658759583246	151.28355613172036	147.91153869444813	151.73383140441035	152.91848380955298	146.19876665176028	140.55517633295474	139.63927210539163	133.07544416666713	129.07122936725338	121.99646340198049	120.77450416784271
28.966494217194033	22.517116050190758	31.066509953593478	25.515050677245632	17.02230946755684	10.354394984221319	4.56334121366694	9.51544410107168	15.476378941532381	17.244706971513047	9.131238607947166	11.490398997470212	16.03659882088049	12.683441430637592	10.003647693310192	5.036247696413616	0.0	6.278080754551764	8.960256754181392	14.154630135001327	19.227353257693586	22.687467313504605	24.190567430083696	25.100115986401267	21.199173922886697	18.850828023986345	15.684937439297311	13.02424692938067	12.08758216181036	12.625581613242058	15.763535287222942	23.08750927370687	19.202252426622636	19.819808972796913	20.853790231047835	23.776936932419595	18.547121465161194	23.96303933649678	25.38306976184722	30.274719660108047	35.43595119702777	41.46565741545832	44.24925200370421	50.40757243274463	53.998600894557164	57.838018650218686	64.99245634880796	66.21328489288362	78.2423481505759	80.34554247219339	92.38318262257688	103.89439714153443	103.23608304018809	91.78626720315584	81.84797154731679	71.85526354408505	64.24955030883689	72.86271015306744	81.51552010547874	90.05824973516998	99.88461726813058	98.38765111631217	94.77762357772009	93.26826012765548	94.08491889521717	99.09773195199567	103.73695302524777	106.50037565885687	111.76009990094707	117.10597871341615	123.29705011406813	121.70821145122291	115.46488677248564	111.24838294682033	109.65890301465762	105.3985459201468	100.31694688596272	106.37076954915409	105.1875143315635	108.1163500973222	114.53187894983705	114.39047586520493	111.90828255573352	116.80941574784805	122.31156643268949	122.59354288999795	122.14633386227887	131.5818410559017	143.65401150367822	136.8319895966603	145.77919144957298	156.1071872984889	152.82100846488441	156.69127684705717	157.91487563666416	151.18933141442707	145.53419677843277	144.57114294042728	137.98873254644275	133.92008213131336	126.9052475471842	125.5489813170178
26.160441878323184	21.239279257110145	30.079573619488993	26.26885853079786	17.862103648068558	12.309884645350591	8.38882078162583	14.962171979101361	21.684076160059217	23.324324607700262	15.299163096337066	16.483662087906286	19.760413363094766	14.996618237061659	10.324199873412176	8.738297222416175	6.278080754551764	0.0	6.933096056071838	12.156115627106598	16.330715814483874	18.609565578273575	18.894340324168162	19.054324517518634	14.921663563001236	13.031652543459217	10.99191330618387	7.010414285623399	6.086785628656751	8.717229032058748	13.967631582646879	21.60770635740359	19.074168508260353	21.196027081377114	23.705477779542253	27.779283790428444	23.521640822144676	29.57629788640345	30.274513682732305	35.05567834511272	39.714344421225945	45.66961901678922	47.61939109717775	54.4091316545075	57.231632906623304	60.33431646290976	66.77399077263685	67.268602663019	79.29609824761414	82.17358558558932	93.93733676353057	105.77571886327324	105.76369987614468	94.24597588619942	84.58363691618302	74.35603652769358	67.35470116030011	76.32055008805196	84.81423519789811	93.47746147099834	103.03440544411336	102.05784690221971	98.73397169163583	97.51551280136084	98.5518267285533	103.64944480812629	108.4005065122304	111.35013512634386	116.54099461667289	121.81245113337799	127.93433010730126	126.15955386861356	119.96938998434209	115.60480117015828	114.24667399877994	109.80988186352917	104.56156025489234	110.49639048542721	109.04830996060093	111.58068903288763	118.18722781646613	118.32442151522343	116.05346513158477	121.01469716942458	126.54203353433772	126.58961977999498	125.82197631561421	135.18595253336932	147.2598758070677	140.0739615673318	148.76988244917334	159.05497145359513	155.4036005460039	159.0024233050692	159.93022179785993	153.26065720113937	147.70225719805325	147.0415069142457	140.5612792102927	136.78254176752594	129.50834086840197	128.68517519047285
20.110880957284426	14.413298154649853	23.232232635961395	19.451835276405347	11.219948529030804	6.9981841023573	6.9464832118795155	13.223977301885256	21.350028323497753	25.20037214824769	17.181489826295227	20.435274664003362	24.876033545053463	20.89704540501566	16.848627869581893	13.586407244326928	8.960256754181392	6.933096056071838	0.0	5.4484088076946335	10.296531360180252	13.846756842829754	16.252820366176145	18.72222455389019	16.867479823324295	12.254582155544972	7.597866608262618	8.177866044329251	11.229866449823488	15.439348978791504	20.90070736515354	28.540138018909975	25.876075407976234	27.60128925197479	29.43410254613317	32.70667999162564	27.458524911176863	32.50113156328858	34.28834511255055	39.192646780863996	44.39616547857086	50.42543551910442	53.085830855026416	59.359713097194714	62.80798001404934	66.3768697538461	73.16975325667637	73.92443355151558	85.96152495871345	88.56237161095059	100.4432116056188	112.15372277169224	111.81886486157273	100.3341119472604	90.50737362627636	80.40944870301192	73.02886018545719	81.74209749368879	90.36010837417999	98.93502266136261	108.69428672356247	107.31357307538931	103.73318389089077	102.22524179471714	103.02013273646094	108.01752067527958	112.63071951703668	115.33571568364519	120.61772547264896	125.98502384070714	132.19331291773779	130.64184902110495	124.39055554696736	120.19537362179896	118.56919064606427	114.33974921538842	109.27364183679228	115.33093173108105	114.1369543183295	117.00709199651038	123.45786898235184	123.3458699387957	120.86811762047722	125.76727597052934	131.26796779890427	131.5521575386015	131.0761446234229	140.50173057421844	152.57529281691177	145.6750581812371	154.5494119251729	164.86470931507577	161.439716180715	165.18868447291842	166.26227693055037	159.56528497955298	153.95904227233902	153.13981287003529	146.60044193712915	142.64434010153542	135.5273200232697	134.36075790927535
14.816791463916138	9.091670769239165	17.933210789365983	15.261530102588775	8.152220585701102	7.9164820063670565	11.145202670236781	16.062474844016762	24.43061281386863	29.337079709200435	21.608325840875114	25.485653785909104	30.178141329906484	26.33383748344508	22.2683309245147	18.951376140731174	14.154630135001327	12.156115627106598	5.4484088076946335	0.0	5.271069494298112	9.833201109982976	14.001452929968071	18.170826370041823	18.257230728059223	12.292789916672852	6.759594565906145	10.827233704406169	15.29362795778886	20.242128954248557	26.034057742509322	33.63074588126761	31.217700731991812	33.045386028524085	34.83532731253357	37.92079354598922	32.40235302021333	36.98250153322599	39.19468751109322	44.111888713813286	49.487684752020876	55.52456689369069	58.3968519333806	64.50703350644744	68.1379377037256	71.79950788057518	78.61802248599562	79.3395020386211	91.37456717297547	94.01077383126938	105.88656125796439	117.6020508307699	117.23677773217314	105.75819181205492	95.90467750565205	85.830917136578	78.37683635469304	87.01726027355333	95.66687790042994	104.2128282646018	114.02642935619026	112.52379403735402	108.85470671164047	107.23621780822845	107.93064776859335	112.88065294357443	117.4288191485005	120.0184036230293	125.33896327754253	130.7469360029919	136.99097362329297	135.53995572671158	129.26547536829216	125.14565271262862	123.40424392568072	119.2679895039571	114.28074130846841	120.38332152171685	119.28594351115476	122.26928903575704	128.6672526236999	128.46627255334303	125.90981106180173	130.78164374174523	136.26890278490364	136.64705806371484	136.27759588563063	145.72175051028083	157.79255938948333	150.98379928846828	159.9053953583748	170.22726697529583	166.85106202000347	170.6227149903915	171.70891924182146	165.01047930147357	159.40072641679853	158.56198635196083	152.01312256598104	148.02127496520097	140.9371206066715	139.69210983303418
9.87035133179357	6.800276444550971	14.899984831199417	15.091230133873715	10.639317436504319	12.824855483669086	16.41215447211006	21.14765565391001	29.493126138773505	34.59309689961817	26.878615207274795	30.64983791490555	35.17098399704288	31.050547290346305	26.64796221830857	23.868672370715053	19.227353257693586	16.330715814483874	10.296531360180252	5.271069494298112	0.0	5.209115727039302	10.773439406247455	16.2281289963935	18.187812653424217	11.684239665164696	7.137125600095497	12.87044494957778	18.038593431269227	23.559246118902124	29.712716227383304	37.14451549232217	35.27680391186135	37.51369956443304	39.662448684242484	42.996787397232914	37.61044267698167	42.25356139219029	44.41687173335746	49.33234149191032	54.64387643666577	60.677952028403915	63.37516084664659	69.63373346461492	73.08891802611109	76.53575755601193	83.1026201643944	83.53339107100352	95.54864087101605	98.50234939329799	110.26065188788225	122.10426946496327	121.9814824765152	110.47962469605835	100.71854606519354	90.56757714897942	83.29809949214835	92.03745361323607	100.64854825758181	109.22979223230595	118.97092559657388	117.60667426716078	113.99981748756747	112.43448667428733	113.161401733599	118.12291552025015	122.68322734336432	125.28565264447944	130.60315777939044	136.0067837002965	142.24599974092865	140.77493873913676	134.50574961583308	130.36579360140465	128.65252794317067	124.49441179707446	119.48083647898359	125.5647112113996	124.414335450568	127.30324625438232	133.75103582290558	133.61265665599885	131.09617169952486	135.97953533048315	141.47214307208915	141.80796411906627	141.3680093368646	150.79653431836653	162.86982997076365	155.96141189435943	164.80735995233235	175.1162036169057	171.61497287341837	175.28561140723258	176.25419923603414	169.57936487519507	164.0088122480388	163.28521614409	156.7734206942425	152.8808154011009	145.70817893224884	144.63691088758281
